10,5
10,175
10,137
10,195
10,307
10,255
10,235
10,2
10,3
11,17
9,7
9,3
8,12
8,6
8,15
8,16
47,4
47,3
47,2
47,1
47,0
46,3
46,2
46,1
44,4
44,3
44,2
44,1
43,4
43,3
43,1
41,5
41,4
41,3
41,2
41,1
38,4
38,3
38,1
36,4
36,3
36,1
34,3
34,1
32,4
32,3
32,1
27,4
27,3
27,1
24,3
24,1
20,3
20,2
20,1
19,3
19,2
19,1
18,3
18,1
17,3
17,1
12,3
12,2
12,1
11,28
11,27
11,26
11,25
11,24
11,23
11,22
11,21
11,20
11,19
11,18
11,16
11,15
11,14
11,13
11,12
11,11
11,10
11,9
11,7
11,5
11,4
11,3
11,2
11,1
10,304
10,299
10,277
10,276
10,259
10,258
10,211
10,177
10,163
10,119
10,107
10,1
10,25
9,1
9,5
9,2
